1.0,1.0,1.0,1.0,1.0,1.0,1.0,1.0,1.0,1.0,1.0,1.0,1.0,1.0,1.0,1.0,1.0,1.0,1.0,1.0,1.0,1.0,1.0,1.0,1.0,1.0,1.0,1.0,1.0,1.0,1.0,1.0,1.0,1.0,1.0,1.0,1.0,1.0,1.0,1.0
1.0,1.0,1.0,1.0,1.0,1.0,1.0,1.0,1.0,1.0,1.0,1.0,1.0,1.0,1.0,1.0,1.0,1.0,1.0,1.0,1.0,1.0,1.0,1.0,1.0,1.0,1.0,1.0,1.0,1.0,1.0,1.0,1.0,1.0,1.0,1.0,1.0,1.0,1.0,1.0
1.0,1.0,1.0,1.0,1.0,1.0,1.0,1.0,1.0,1.0,1.0,1.0,1.0,1.0,1.0,1.0,1.0,1.0,1.0,1.0,1.0,1.0,1.0,1.0,1.0,1.0,1.0,1.0,1.0,1.0,1.0,1.0,1.0,1.0,1.0,1.0,1.0,1.0,1.0,1.0
1.0,1.0,1.0,1.0,1.0,1.0,1.0,1.0,1.0,1.0,1.0,1.0,1.0,1.0,1.0,1.0,1.0,1.0,1.0,1.0,1.0,1.0,1.0,1.0,1.0,1.0,1.0,1.0,1.0,1.0,1.0,1.0,1.0,1.0,1.0,1.0,1.0,1.0,1.0,1.0
1.0,1.0,1.0,1.0,1.0,1.0,1.0,1.0,1.0,1.0,1.0,1.0,1.0,1.0,1.0,1.0,1.0,1.0,1.0,1.0,1.0,1.0,1.0,1.0,1.0,1.0,1.0,1.0,1.0,1.0,1.0,1.0,1.0,1.0,1.0,1.0,1.0,1.0,1.0,1.0
1.0,1.0,1.0,1.0,1.0,1.0,1.0,1.0,1.0,1.0,1.0,1.0,1.0,1.0,1.0,1.0,1.0,1.0,1.0,1.0,1.0,1.0,1.0,1.0,1.0,1.0,1.0,1.0,1.0,1.0,1.0,1.0,1.0,1.0,1.0,1.0,1.0,1.0,1.0,1.0
1.0,1.0,1.0,1.0,1.0,1.0,1.0,1.0,1.0,1.0,1.0,1.0,1.0,1.0,1.0,1.0,1.0,1.0,1.0,1.0,1.0,1.0,1.0,1.0,1.0,1.0,1.0,1.0,1.0,1.0,1.0,1.0,1.0,1.0,1.0,1.0,1.0,1.0,1.0,1.0
1.0,1.0,1.0,1.0,1.0,1.0,1.0,1.0,1.0,1.0,1.0,1.0,1.0,1.0,1.0,1.0,1.0,1.0,1.0,1.0,1.0,1.0,1.0,1.0,1.0,1.0,1.0,1.0,1.0,1.0,1.0,1.0,1.0,1.0,1.0,1.0,1.0,1.0,1.0,1.0
1.0,1.0,1.0,1.0,1.0,1.0,1.0,1.0,1.0,1.0,1.0,1.0,1.0,1.0,1.0,1.0,1.0,1.0,1.0,1.0,1.0,1.0,1.0,1.0,1.0,1.0,1.0,1.0,1.0,1.0,1.0,1.0,1.0,1.0,1.0,1.0,1.0,1.0,1.0,1.0
1.0,1.0,1.0,1.0,1.0,1.0,1.0,1.0,1.0,1.0,1.0,1.0,1.0,1.0,1.0,1.0,1.0,1.0,1.0,1.0,1.0,1.0,1.0,1.0,1.0,1.0,1.0,1.0,1.0,1.0,1.0,1.0,1.0,1.0,1.0,1.0,1.0,1.0,1.0,1.0
1.0,1.0,1.0,1.0,1.0,1.0,1.0,1.0,1.0,1.0,1.0,1.0,1.0,1.0,1.0,1.0,1.0,1.0,1.0,1.0,1.0,1.0,1.0,1.0,1.0,1.0,1.0,1.0,1.0,1.0,1.0,1.0,1.0,1.0,1.0,1.0,1.0,1.0,1.0,1.0
1.0,1.0,1.0,1.0,1.0,1.0,1.0,1.0,1.0,1.0,1.0,1.0,1.0,1.0,1.0,1.0,1.0,1.0,1.0,1.0,1.0,1.0,1.0,1.0,1.0,1.0,1.0,1.0,1.0,1.0,1.0,1.0,1.0,1.0,1.0,1.0,1.0,1.0,1.0,1.0
1.0,1.0,1.0,1.0,1.0,1.0,1.0,1.0,1.0,1.0,1.0,1.0,1.0,1.0,1.0,1.0,1.0,1.0,1.0,1.0,1.0,1.0,1.0,1.0,1.0,1.0,1.0,1.0,1.0,1.0,1.0,1.0,1.0,1.0,1.0,1.0,1.0,1.0,1.0,1.0
1.0,1.0,1.0,1.0,1.0,1.0,1.0,1.0,1.0,1.0,1.0,1.0,1.0,1.0,1.0,1.0,1.0,1.0,1.0,1.0,1.0,1.0,1.0,1.0,1.0,1.0,1.0,1.0,1.0,1.0,1.0,1.0,1.0,1.0,1.0,1.0,1.0,1.0,1.0,1.0
1.0,1.0,1.0,1.0,1.0,1.0,1.0,1.0,1.0,1.0,1.0,1.0,1.0,1.0,1.0,1.0,1.0,1.0,1.0,1.0,1.0,1.0,1.0,1.0,1.0,1.0,1.0,1.0,1.0,1.0,1.0,1.0,1.0,1.0,1.0,1.0,1.0,1.0,1.0,1.0
1.0,1.0,1.0,1.0,1.0,1.0,1.0,1.0,1.0,1.0,1.0,1.0,1.0,1.0,1.0,0.19,0.63,0.83,0.05,0.42,0.78,0.67,0.68,0.8,0.69,0.35,0.16,0.63,0.9,0.43,0.31,0.16,0.56,0.75,0.66,0.95,0.14,0.47,0.92,0.39
1.0,1.0,1.0,1.0,1.0,1.0,1.0,1.0,1.0,1.0,1.0,1.0,1.0,1.0,1.0,0.63,0.66,0.02,0.46,0.42,0.68,0.56,0.89,0.7,0.51,0.75,0.23,0.39,0.87,0.11,0.2,0.22,0.63,0.57,0.37,0.8,0.6,0.2,0.75,0.53
1.0,1.0,1.0,1.0,1.0,1.0,1.0,1.0,1.0,1.0,1.0,1.0,1.0,1.0,1.0,0.83,0.02,0.98,0.55,0.5,0.04,0.98,0.92,0.09,0.49,0.75,0.9,0.09,0.95,0.72,0.72,0.11,0.01,0.22,0.91,0.87,0.46,0.53,0.19,0.82
1.0,1.0,1.0,1.0,1.0,1.0,1.0,1.0,1.0,1.0,1.0,1.0,1.0,1.0,1.0,0.05,0.46,0.55,0.39,0.69,0.94,0.4,0.71,0.02,0.73,0.59,0.82,0.3,0.41,0.99,0.38,0.65,0.13,0.33,0.25,0.23,0.18,0.34,0.83,0.24
1.0,1.0,1.0,1.0,1.0,1.0,1.0,1.0,1.0,1.0,1.0,1.0,1.0,1.0,1.0,0.42,0.42,0.5,0.69,0.73,0.08,0.34,0.33,0.8,0.2,0.18,0.23,0.65,0.96,0.03,0.74,0.92,0.3,0.46,0.86,0.66,0.66,0.86,0.16,0.45
1.0,1.0,1.0,1.0,1.0,1.0,1.0,1.0,1.0,1.0,1.0,1.0,1.0,1.0,1.0,0.78,0.68,0.04,0.94,0.08,0.46,0.4,0.72,0.78,0.46,0.1,0.4,0.11,0.5,0.28,0.93,0.69,0.52,0.72,0.7,0.8,0.22,0.93,0.04,0.44
1.0,1.0,1.0,1.0,1.0,1.0,1.0,1.0,1.0,1.0,1.0,1.0,1.0,1.0,1.0,0.67,0.56,0.98,0.4,0.34,0.4,0.46,0.75,0.23,0.12,0.54,0.12,0.17,0.04,0.58,0.97,0.81,0.12,0.37,0.61,0.81,0.8,0.63,0.53,0.19
1.0,1.0,1.0,1.0,1.0,1.0,1.0,1.0,1.0,1.0,1.0,1.0,1.0,1.0,1.0,0.68,0.89,0.92,0.71,0.33,0.72,0.75,0.31,0.53,0.33,0.8,0.26,0.27,0.13,0.51,0.99,0.96,0.2,0.03,0.28,0.52,0.48,0.87,1.0,0.8
1.0,1.0,1.0,1.0,1.0,1.0,1.0,1.0,1.0,1.0,1.0,1.0,1.0,1.0,1.0,0.8,0.7,0.09,0.02,0.8,0.78,0.23,0.53,0.38,0.76,0.56,0.72,0.86,0.92,0.51,0.87,0.94,0.55,0.66,0.84,0.99,0.66,0.66,0.61,0.65
1.0,1.0,1.0,1.0,1.0,1.0,1.0,1.0,1.0,1.0,1.0,1.0,1.0,1.0,1.0,0.69,0.51,0.49,0.73,0.2,0.46,0.12,0.33,0.76,0.32,0.21,0.5,0.42,0.47,0.16,0.74,0.26,0.46,0.28,0.29,0.36,0.47,0.16,0.96,0.03
1.0,1.0,1.0,1.0,1.0,1.0,1.0,1.0,1.0,1.0,1.0,1.0,1.0,1.0,1.0,0.35,0.75,0.75,0.59,0.18,0.1,0.54,0.8,0.56,0.21,0.06,0.25,0.11,0.4,0.36,0.7,0.14,0.51,0.04,0.86,0.96,0.41,0.63,0.57,0.83
1.0,1.0,1.0,1.0,1.0,1.0,1.0,1.0,1.0,1.0,1.0,1.0,1.0,1.0,1.0,0.16,0.23,0.9,0.82,0.23,0.4,0.12,0.26,0.72,0.5,0.25,0.78,0.67,0.56,0.69,0.88,0.99,0.92,0.6,0.21,0.28,0.1,0.07,0.7,0.85
1.0,1.0,1.0,1.0,1.0,1.0,1.0,1.0,1.0,1.0,1.0,1.0,1.0,1.0,1.0,0.63,0.39,0.09,0.3,0.65,0.11,0.17,0.27,0.86,0.42,0.11,0.67,0.65,0.27,0.33,0.38,0.15,0.65,0.19,0.92,0.47,0.84,0.8,0.04,0.02
1.0,1.0,1.0,1.0,1.0,1.0,1.0,1.0,1.0,1.0,1.0,1.0,1.0,1.0,1.0,0.9,0.87,0.95,0.41,0.96,0.5,0.04,0.13,0.92,0.47,0.4,0.56,0.27,0.41,0.86,0.93,0.09,0.67,0.36,0.49,0.54,0.26,1.0,0.06,0.61
1.0,1.0,1.0,1.0,1.0,1.0,1.0,1.0,1.0,1.0,1.0,1.0,1.0,1.0,1.0,0.43,0.11,0.72,0.99,0.03,0.28,0.58,0.51,0.51,0.16,0.36,0.69,0.33,0.86,0.67,0.11,0.58,0.58,0.93,0.09,0.72,0.51,0.82,0.47,0.91
1.0,1.0,1.0,1.0,1.0,1.0,1.0,1.0,1.0,1.0,1.0,1.0,1.0,1.0,1.0,0.31,0.2,0.72,0.38,0.74,0.93,0.97,0.99,0.87,0.74,0.7,0.88,0.38,0.93,0.11,0.34,0.46,0.65,0.13,0.15,0.78,0.11,0.86,0.92,0.57
1.0,1.0,1.0,1.0,1.0,1.0,1.0,1.0,1.0,1.0,1.0,1.0,1.0,1.0,1.0,0.16,0.22,0.11,0.65,0.92,0.69,0.81,0.96,0.94,0.26,0.14,0.99,0.15,0.09,0.58,0.46,0.91,0.76,0.06,0.51,0.26,0.52,0.05,0.54,0.93
1.0,1.0,1.0,1.0,1.0,1.0,1.0,1.0,1.0,1.0,1.0,1.0,1.0,1.0,1.0,0.56,0.63,0.01,0.13,0.3,0.52,0.12,0.2,0.55,0.46,0.51,0.92,0.65,0.67,0.58,0.65,0.76,0.86,0.39,0.76,0.91,0.27,0.02,0.44,0.67
1.0,1.0,1.0,1.0,1.0,1.0,1.0,1.0,1.0,1.0,1.0,1.0,1.0,1.0,1.0,0.75,0.57,0.22,0.33,0.46,0.72,0.37,0.03,0.66,0.28,0.04,0.6,0.19,0.36,0.93,0.13,0.06,0.39,0.08,0.19,0.92,0.86,0.88,0.17,0.01
1.0,1.0,1.0,1.0,1.0,1.0,1.0,1.0,1.0,1.0,1.0,1.0,1.0,1.0,1.0,0.66,0.37,0.91,0.25,0.86,0.7,0.61,0.28,0.84,0.29,0.86,0.21,0.92,0.49,0.09,0.15,0.51,0.76,0.19,0.48,0.31,0.98,0.57,0.94,0.63
1.0,1.0,1.0,1.0,1.0,1.0,1.0,1.0,1.0,1.0,1.0,1.0,1.0,1.0,1.0,0.95,0.8,0.87,0.23,0.66,0.8,0.81,0.52,0.99,0.36,0.96,0.28,0.47,0.54,0.72,0.78,0.26,0.91,0.92,0.31,0.17,0.46,0.74,0.5,0.29
1.0,1.0,1.0,1.0,1.0,1.0,1.0,1.0,1.0,1.0,1.0,1.0,1.0,1.0,1.0,0.14,0.6,0.46,0.18,0.66,0.22,0.8,0.48,0.66,0.47,0.41,0.1,0.84,0.26,0.51,0.11,0.52,0.27,0.86,0.98,0.46,0.18,0.49,0.71,0.92
1.0,1.0,1.0,1.0,1.0,1.0,1.0,1.0,1.0,1.0,1.0,1.0,1.0,1.0,1.0,0.47,0.2,0.53,0.34,0.86,0.93,0.63,0.87,0.66,0.16,0.63,0.07,0.8,1.0,0.82,0.86,0.05,0.02,0.88,0.57,0.74,0.49,0.39,0.32,0.02
1.0,1.0,1.0,1.0,1.0,1.0,1.0,1.0,1.0,1.0,1.0,1.0,1.0,1.0,1.0,0.92,0.75,0.19,0.83,0.16,0.04,0.53,1.0,0.61,0.96,0.57,0.7,0.04,0.06,0.47,0.92,0.54,0.44,0.17,0.94,0.5,0.71,0.32,0.87,0.97
1.0,1.0,1.0,1.0,1.0,1.0,1.0,1.0,1.0,1.0,1.0,1.0,1.0,1.0,1.0,0.39,0.53,0.82,0.24,0.45,0.44,0.19,0.8,0.65,0.03,0.83,0.85,0.02,0.61,0.91,0.57,0.93,0.67,0.01,0.63,0.29,0.92,0.02,0.97,0.9
