1.0,1.0,1.0,1.0,1.0,1.0,1.0,1.0,1.0,1.0,1.0,1.0,1.0,1.0,1.0,1.0,1.0,1.0,1.0,1.0,1.0,1.0,1.0,1.0,1.0,1.0,1.0,1.0,1.0,1.0,1.0,1.0,1.0,1.0,1.0,1.0,1.0,1.0,1.0,1.0
1.0,1.0,1.0,1.0,1.0,1.0,1.0,1.0,1.0,1.0,1.0,1.0,1.0,1.0,1.0,1.0,1.0,1.0,1.0,1.0,1.0,1.0,1.0,1.0,1.0,1.0,1.0,1.0,1.0,1.0,1.0,1.0,1.0,1.0,1.0,1.0,1.0,1.0,1.0,1.0
1.0,1.0,1.0,1.0,1.0,1.0,1.0,1.0,1.0,1.0,1.0,1.0,1.0,1.0,1.0,1.0,1.0,1.0,1.0,1.0,1.0,1.0,1.0,1.0,1.0,1.0,1.0,1.0,1.0,1.0,1.0,1.0,1.0,1.0,1.0,1.0,1.0,1.0,1.0,1.0
1.0,1.0,1.0,1.0,1.0,1.0,1.0,1.0,1.0,1.0,1.0,1.0,1.0,1.0,1.0,1.0,1.0,1.0,1.0,1.0,1.0,1.0,1.0,1.0,1.0,1.0,1.0,1.0,1.0,1.0,1.0,1.0,1.0,1.0,1.0,1.0,1.0,1.0,1.0,1.0
1.0,1.0,1.0,1.0,1.0,1.0,1.0,1.0,1.0,1.0,1.0,1.0,1.0,1.0,1.0,1.0,1.0,1.0,1.0,1.0,1.0,1.0,1.0,1.0,1.0,1.0,1.0,1.0,1.0,1.0,1.0,1.0,1.0,1.0,1.0,1.0,1.0,1.0,1.0,1.0
1.0,1.0,1.0,1.0,1.0,1.0,1.0,1.0,1.0,1.0,1.0,1.0,1.0,1.0,1.0,1.0,1.0,1.0,1.0,1.0,1.0,1.0,1.0,1.0,1.0,1.0,1.0,1.0,1.0,1.0,1.0,1.0,1.0,1.0,1.0,1.0,1.0,1.0,1.0,1.0
1.0,1.0,1.0,1.0,1.0,1.0,1.0,1.0,1.0,1.0,1.0,1.0,1.0,1.0,1.0,1.0,1.0,1.0,1.0,1.0,1.0,1.0,1.0,1.0,1.0,1.0,1.0,1.0,1.0,1.0,1.0,1.0,1.0,1.0,1.0,1.0,1.0,1.0,1.0,1.0
1.0,1.0,1.0,1.0,1.0,1.0,1.0,1.0,1.0,1.0,1.0,1.0,1.0,1.0,1.0,1.0,1.0,1.0,1.0,1.0,1.0,1.0,1.0,1.0,1.0,1.0,1.0,1.0,1.0,1.0,1.0,1.0,1.0,1.0,1.0,1.0,1.0,1.0,1.0,1.0
1.0,1.0,1.0,1.0,1.0,1.0,1.0,1.0,1.0,1.0,1.0,1.0,1.0,1.0,1.0,1.0,1.0,1.0,1.0,1.0,1.0,1.0,1.0,1.0,1.0,1.0,1.0,1.0,1.0,1.0,1.0,1.0,1.0,1.0,1.0,1.0,1.0,1.0,1.0,1.0
1.0,1.0,1.0,1.0,1.0,1.0,1.0,1.0,1.0,1.0,1.0,1.0,1.0,1.0,1.0,1.0,1.0,1.0,1.0,1.0,1.0,1.0,1.0,1.0,1.0,1.0,1.0,1.0,1.0,1.0,1.0,1.0,1.0,1.0,1.0,1.0,1.0,1.0,1.0,1.0
1.0,1.0,1.0,1.0,1.0,1.0,1.0,1.0,1.0,1.0,1.0,1.0,1.0,1.0,1.0,1.0,1.0,1.0,1.0,1.0,1.0,1.0,1.0,1.0,1.0,1.0,1.0,1.0,1.0,1.0,1.0,1.0,1.0,1.0,1.0,1.0,1.0,1.0,1.0,1.0
1.0,1.0,1.0,1.0,1.0,1.0,1.0,1.0,1.0,1.0,1.0,1.0,1.0,1.0,1.0,1.0,1.0,1.0,1.0,1.0,1.0,1.0,1.0,1.0,1.0,1.0,1.0,1.0,1.0,1.0,1.0,1.0,1.0,1.0,1.0,1.0,1.0,1.0,1.0,1.0
1.0,1.0,1.0,1.0,1.0,1.0,1.0,1.0,1.0,1.0,1.0,1.0,1.0,1.0,1.0,1.0,1.0,1.0,1.0,1.0,1.0,1.0,1.0,1.0,1.0,1.0,1.0,1.0,1.0,1.0,1.0,1.0,1.0,1.0,1.0,1.0,1.0,1.0,1.0,1.0
1.0,1.0,1.0,1.0,1.0,1.0,1.0,1.0,1.0,1.0,1.0,1.0,1.0,1.0,1.0,1.0,1.0,1.0,1.0,1.0,1.0,1.0,1.0,1.0,1.0,1.0,1.0,1.0,1.0,1.0,1.0,1.0,1.0,1.0,1.0,1.0,1.0,1.0,1.0,1.0
1.0,1.0,1.0,1.0,1.0,1.0,1.0,1.0,1.0,1.0,1.0,1.0,1.0,1.0,1.0,1.0,1.0,1.0,1.0,1.0,1.0,1.0,1.0,1.0,1.0,1.0,1.0,1.0,1.0,1.0,1.0,1.0,1.0,1.0,1.0,1.0,1.0,1.0,1.0,1.0
1.0,1.0,1.0,1.0,1.0,1.0,1.0,1.0,1.0,1.0,1.0,1.0,1.0,1.0,1.0,0.27,0.04,0.91,0.26,0.38,0.25,0.02,0.27,0.52,0.96,0.26,0.84,0.24,0.5,0.04,0.09,0.5,0.74,0.67,0.46,0.96,0.07,0.66,0.31,0.8
1.0,1.0,1.0,1.0,1.0,1.0,1.0,1.0,1.0,1.0,1.0,1.0,1.0,1.0,1.0,0.04,0.09,0.39,0.24,0.52,0.19,0.6,0.29,0.47,0.97,0.67,0.69,0.37,0.17,0.78,0.85,0.45,0.77,0.7,0.67,0.23,0.18,0.1,0.86,0.37
1.0,1.0,1.0,1.0,1.0,1.0,1.0,1.0,1.0,1.0,1.0,1.0,1.0,1.0,1.0,0.91,0.39,0.39,0.2,0.43,0.42,0.72,0.8,0.78,0.98,0.43,0.34,0.7,0.86,0.24,0.72,0.12,0.71,0.99,0.53,0.78,0.73,0.84,0.84,0.25
1.0,1.0,1.0,1.0,1.0,1.0,1.0,1.0,1.0,1.0,1.0,1.0,1.0,1.0,1.0,0.26,0.24,0.2,0.45,0.89,0.92,0.13,0.42,0.21,0.49,0.28,0.46,0.66,0.72,0.52,0.83,0.58,0.66,0.4,0.21,0.64,0.09,0.38,0.34,0.65
1.0,1.0,1.0,1.0,1.0,1.0,1.0,1.0,1.0,1.0,1.0,1.0,1.0,1.0,1.0,0.38,0.52,0.43,0.89,0.95,0.18,0.93,0.14,0.45,0.13,0.58,0.08,0.69,0.57,0.26,0.8,0.3,0.12,0.88,0.65,0.68,0.81,0.9,0.26,0.19
1.0,1.0,1.0,1.0,1.0,1.0,1.0,1.0,1.0,1.0,1.0,1.0,1.0,1.0,1.0,0.25,0.19,0.42,0.92,0.18,0.61,0.85,0.18,0.71,0.74,0.11,0.03,0.31,0.53,0.43,0.02,0.23,0.82,0.82,0.45,0.81,0.01,0.98,0.88,0.41
1.0,1.0,1.0,1.0,1.0,1.0,1.0,1.0,1.0,1.0,1.0,1.0,1.0,1.0,1.0,0.02,0.6,0.72,0.13,0.93,0.85,0.49,0.82,0.01,0.78,0.72,0.29,0.42,0.47,0.91,0.75,0.83,0.76,0.87,0.46,0.52,0.68,0.17,0.02,0.06
1.0,1.0,1.0,1.0,1.0,1.0,1.0,1.0,1.0,1.0,1.0,1.0,1.0,1.0,1.0,0.27,0.29,0.8,0.42,0.14,0.18,0.82,0.78,0.27,0.51,0.87,0.68,0.69,0.13,0.94,0.04,0.34,0.55,0.02,0.92,0.28,0.86,0.54,0.32,0.31
1.0,1.0,1.0,1.0,1.0,1.0,1.0,1.0,1.0,1.0,1.0,1.0,1.0,1.0,1.0,0.52,0.47,0.78,0.21,0.45,0.71,0.01,0.27,0.88,0.37,0.4,0.63,0.56,0.64,0.78,0.76,0.5,0.72,0.54,0.18,0.83,0.04,0.36,0.18,0.65
1.0,1.0,1.0,1.0,1.0,1.0,1.0,1.0,1.0,1.0,1.0,1.0,1.0,1.0,1.0,0.96,0.97,0.98,0.49,0.13,0.74,0.78,0.51,0.37,0.18,0.51,0.97,0.78,0.64,0.87,0.42,0.73,0.74,0.42,0.28,0.19,0.88,0.16,0.3,0.72
1.0,1.0,1.0,1.0,1.0,1.0,1.0,1.0,1.0,1.0,1.0,1.0,1.0,1.0,1.0,0.26,0.67,0.43,0.28,0.58,0.11,0.72,0.87,0.4,0.51,0.06,0.02,0.85,0.68,0.2,0.12,0.45,0.83,0.61,0.14,1.0,0.84,0.34,0.06,0.35
1.0,1.0,1.0,1.0,1.0,1.0,1.0,1.0,1.0,1.0,1.0,1.0,1.0,1.0,1.0,0.84,0.69,0.34,0.46,0.08,0.03,0.29,0.68,0.63,0.97,0.02,0.9,0.07,0.95,0.62,0.97,0.84,0.4,0.35,0.4,0.24,0.03,0.5,0.98,0.35
1.0,1.0,1.0,1.0,1.0,1.0,1.0,1.0,1.0,1.0,1.0,1.0,1.0,1.0,1.0,0.24,0.37,0.7,0.66,0.69,0.31,0.42,0.69,0.56,0.78,0.85,0.07,0.19,0.36,0.45,0.08,0.24,0.05,0.02,0.45,0.74,0.29,0.21,0.97,0.14
1.0,1.0,1.0,1.0,1.0,1.0,1.0,1.0,1.0,1.0,1.0,1.0,1.0,1.0,1.0,0.5,0.17,0.86,0.72,0.57,0.53,0.47,0.13,0.64,0.64,0.68,0.95,0.36,0.24,0.18,0.53,0.77,0.76,0.96,0.53,0.31,0.13,0.17,0.07,0.26
1.0,1.0,1.0,1.0,1.0,1.0,1.0,1.0,1.0,1.0,1.0,1.0,1.0,1.0,1.0,0.04,0.78,0.24,0.52,0.26,0.43,0.91,0.94,0.78,0.87,0.2,0.62,0.45,0.18,0.62,0.62,0.58,0.14,0.91,0.89,0.55,0.95,0.63,0.68,0.4
1.0,1.0,1.0,1.0,1.0,1.0,1.0,1.0,1.0,1.0,1.0,1.0,1.0,1.0,1.0,0.09,0.85,0.72,0.83,0.8,0.02,0.75,0.04,0.76,0.42,0.12,0.97,0.08,0.53,0.62,0.93,0.18,0.72,0.8,0.31,0.87,0.47,0.76,0.95,0.21
1.0,1.0,1.0,1.0,1.0,1.0,1.0,1.0,1.0,1.0,1.0,1.0,1.0,1.0,1.0,0.5,0.45,0.12,0.58,0.3,0.23,0.83,0.34,0.5,0.73,0.45,0.84,0.24,0.77,0.58,0.18,0.96,0.36,0.39,0.15,0.9,0.75,0.24,0.61,0.62
1.0,1.0,1.0,1.0,1.0,1.0,1.0,1.0,1.0,1.0,1.0,1.0,1.0,1.0,1.0,0.74,0.77,0.71,0.66,0.12,0.82,0.76,0.55,0.72,0.74,0.83,0.4,0.05,0.76,0.14,0.72,0.36,0.27,0.38,0.88,0.8,0.62,0.32,0.22,0.42
1.0,1.0,1.0,1.0,1.0,1.0,1.0,1.0,1.0,1.0,1.0,1.0,1.0,1.0,1.0,0.67,0.7,0.99,0.4,0.88,0.82,0.87,0.02,0.54,0.42,0.61,0.35,0.02,0.96,0.91,0.8,0.39,0.38,0.9,0.97,0.99,0.95,0.81,0.52,0.66
1.0,1.0,1.0,1.0,1.0,1.0,1.0,1.0,1.0,1.0,1.0,1.0,1.0,1.0,1.0,0.46,0.67,0.53,0.21,0.65,0.45,0.46,0.92,0.18,0.28,0.14,0.4,0.45,0.53,0.89,0.31,0.15,0.88,0.97,0.49,0.69,0.59,0.17,0.83,1.0
1.0,1.0,1.0,1.0,1.0,1.0,1.0,1.0,1.0,1.0,1.0,1.0,1.0,1.0,1.0,0.96,0.23,0.78,0.64,0.68,0.81,0.52,0.28,0.83,0.19,1.0,0.24,0.74,0.31,0.55,0.87,0.9,0.8,0.99,0.69,0.43,0.58,0.93,0.47,0.61
1.0,1.0,1.0,1.0,1.0,1.0,1.0,1.0,1.0,1.0,1.0,1.0,1.0,1.0,1.0,0.07,0.18,0.73,0.09,0.81,0.01,0.68,0.86,0.04,0.88,0.84,0.03,0.29,0.13,0.95,0.47,0.75,0.62,0.95,0.59,0.58,0.04,0.15,0.74,0.21
1.0,1.0,1.0,1.0,1.0,1.0,1.0,1.0,1.0,1.0,1.0,1.0,1.0,1.0,1.0,0.66,0.1,0.84,0.38,0.9,0.98,0.17,0.54,0.36,0.16,0.34,0.5,0.21,0.17,0.63,0.76,0.24,0.32,0.81,0.17,0.93,0.15,0.76,0.11,0.09
1.0,1.0,1.0,1.0,1.0,1.0,1.0,1.0,1.0,1.0,1.0,1.0,1.0,1.0,1.0,0.31,0.86,0.84,0.34,0.26,0.88,0.02,0.32,0.18,0.3,0.06,0.98,0.97,0.07,0.68,0.95,0.61,0.22,0.52,0.83,0.47,0.74,0.11,0.77,0.85
1.0,1.0,1.0,1.0,1.0,1.0,1.0,1.0,1.0,1.0,1.0,1.0,1.0,1.0,1.0,0.8,0.37,0.25,0.65,0.19,0.41,0.06,0.31,0.65,0.72,0.35,0.35,0.14,0.26,0.4,0.21,0.62,0.42,0.66,1.0,0.61,0.21,0.09,0.85,0.2
