1.0,1.0,1.0,1.0,1.0,1.0,1.0,1.0,1.0,1.0,1.0,1.0,1.0,1.0,1.0,1.0,1.0,1.0,1.0,1.0,1.0,1.0,1.0,1.0,1.0,1.0,1.0,1.0,1.0,1.0,1.0,1.0,1.0,1.0,1.0,1.0,1.0,1.0,1.0,1.0
1.0,1.0,1.0,1.0,1.0,1.0,1.0,1.0,1.0,1.0,1.0,1.0,1.0,1.0,1.0,1.0,1.0,1.0,1.0,1.0,1.0,1.0,1.0,1.0,1.0,1.0,1.0,1.0,1.0,1.0,1.0,1.0,1.0,1.0,1.0,1.0,1.0,1.0,1.0,1.0
1.0,1.0,1.0,1.0,1.0,1.0,1.0,1.0,1.0,1.0,1.0,1.0,1.0,1.0,1.0,1.0,1.0,1.0,1.0,1.0,1.0,1.0,1.0,1.0,1.0,1.0,1.0,1.0,1.0,1.0,1.0,1.0,1.0,1.0,1.0,1.0,1.0,1.0,1.0,1.0
1.0,1.0,1.0,1.0,1.0,1.0,1.0,1.0,1.0,1.0,1.0,1.0,1.0,1.0,1.0,1.0,1.0,1.0,1.0,1.0,1.0,1.0,1.0,1.0,1.0,1.0,1.0,1.0,1.0,1.0,1.0,1.0,1.0,1.0,1.0,1.0,1.0,1.0,1.0,1.0
1.0,1.0,1.0,1.0,1.0,1.0,1.0,1.0,1.0,1.0,1.0,1.0,1.0,1.0,1.0,1.0,1.0,1.0,1.0,1.0,1.0,1.0,1.0,1.0,1.0,1.0,1.0,1.0,1.0,1.0,1.0,1.0,1.0,1.0,1.0,1.0,1.0,1.0,1.0,1.0
1.0,1.0,1.0,1.0,1.0,1.0,1.0,1.0,1.0,1.0,1.0,1.0,1.0,1.0,1.0,1.0,1.0,1.0,1.0,1.0,1.0,1.0,1.0,1.0,1.0,1.0,1.0,1.0,1.0,1.0,1.0,1.0,1.0,1.0,1.0,1.0,1.0,1.0,1.0,1.0
1.0,1.0,1.0,1.0,1.0,1.0,1.0,1.0,1.0,1.0,1.0,1.0,1.0,1.0,1.0,1.0,1.0,1.0,1.0,1.0,1.0,1.0,1.0,1.0,1.0,1.0,1.0,1.0,1.0,1.0,1.0,1.0,1.0,1.0,1.0,1.0,1.0,1.0,1.0,1.0
1.0,1.0,1.0,1.0,1.0,1.0,1.0,1.0,1.0,1.0,1.0,1.0,1.0,1.0,1.0,1.0,1.0,1.0,1.0,1.0,1.0,1.0,1.0,1.0,1.0,1.0,1.0,1.0,1.0,1.0,1.0,1.0,1.0,1.0,1.0,1.0,1.0,1.0,1.0,1.0
1.0,1.0,1.0,1.0,1.0,1.0,1.0,1.0,1.0,1.0,1.0,1.0,1.0,1.0,1.0,1.0,1.0,1.0,1.0,1.0,1.0,1.0,1.0,1.0,1.0,1.0,1.0,1.0,1.0,1.0,1.0,1.0,1.0,1.0,1.0,1.0,1.0,1.0,1.0,1.0
1.0,1.0,1.0,1.0,1.0,1.0,1.0,1.0,1.0,1.0,1.0,1.0,1.0,1.0,1.0,1.0,1.0,1.0,1.0,1.0,1.0,1.0,1.0,1.0,1.0,1.0,1.0,1.0,1.0,1.0,1.0,1.0,1.0,1.0,1.0,1.0,1.0,1.0,1.0,1.0
1.0,1.0,1.0,1.0,1.0,1.0,1.0,1.0,1.0,1.0,1.0,1.0,1.0,1.0,1.0,1.0,1.0,1.0,1.0,1.0,1.0,1.0,1.0,1.0,1.0,1.0,1.0,1.0,1.0,1.0,1.0,1.0,1.0,1.0,1.0,1.0,1.0,1.0,1.0,1.0
1.0,1.0,1.0,1.0,1.0,1.0,1.0,1.0,1.0,1.0,1.0,1.0,1.0,1.0,1.0,1.0,1.0,1.0,1.0,1.0,1.0,1.0,1.0,1.0,1.0,1.0,1.0,1.0,1.0,1.0,1.0,1.0,1.0,1.0,1.0,1.0,1.0,1.0,1.0,1.0
1.0,1.0,1.0,1.0,1.0,1.0,1.0,1.0,1.0,1.0,1.0,1.0,1.0,1.0,1.0,1.0,1.0,1.0,1.0,1.0,1.0,1.0,1.0,1.0,1.0,1.0,1.0,1.0,1.0,1.0,1.0,1.0,1.0,1.0,1.0,1.0,1.0,1.0,1.0,1.0
1.0,1.0,1.0,1.0,1.0,1.0,1.0,1.0,1.0,1.0,1.0,1.0,1.0,1.0,1.0,1.0,1.0,1.0,1.0,1.0,1.0,1.0,1.0,1.0,1.0,1.0,1.0,1.0,1.0,1.0,1.0,1.0,1.0,1.0,1.0,1.0,1.0,1.0,1.0,1.0
1.0,1.0,1.0,1.0,1.0,1.0,1.0,1.0,1.0,1.0,1.0,1.0,1.0,1.0,1.0,1.0,1.0,1.0,1.0,1.0,1.0,1.0,1.0,1.0,1.0,1.0,1.0,1.0,1.0,1.0,1.0,1.0,1.0,1.0,1.0,1.0,1.0,1.0,1.0,1.0
1.0,1.0,1.0,1.0,1.0,1.0,1.0,1.0,1.0,1.0,1.0,1.0,1.0,1.0,1.0,0.12,0.05,0.13,0.33,0.5,0.59,0.58,0.63,0.48,0.32,0.42,0.25,0.18,0.75,0.59,0.38,0.68,0.97,0.98,0.38,0.5,0.71,0.09,0.73,0.48
1.0,1.0,1.0,1.0,1.0,1.0,1.0,1.0,1.0,1.0,1.0,1.0,1.0,1.0,1.0,0.05,0.78,0.55,0.92,0.98,0.29,0.79,0.79,0.46,0.14,0.88,0.78,0.76,0.9,0.59,0.57,0.79,0.02,0.06,0.3,0.66,0.35,0.42,0.02,0.61
1.0,1.0,1.0,1.0,1.0,1.0,1.0,1.0,1.0,1.0,1.0,1.0,1.0,1.0,1.0,0.13,0.55,0.04,0.47,0.09,0.66,0.11,0.94,0.24,0.24,0.99,0.23,0.74,0.69,0.47,0.15,0.02,0.49,0.48,0.82,0.18,0.38,1.0,0.69,0.23
1.0,1.0,1.0,1.0,1.0,1.0,1.0,1.0,1.0,1.0,1.0,1.0,1.0,1.0,1.0,0.33,0.92,0.47,0.52,0.18,0.61,0.15,0.11,0.77,0.21,0.97,0.45,0.18,0.2,0.8,0.85,0.7,0.22,0.42,0.18,0.6,0.81,0.69,0.49,0.98
1.0,1.0,1.0,1.0,1.0,1.0,1.0,1.0,1.0,1.0,1.0,1.0,1.0,1.0,1.0,0.5,0.98,0.09,0.18,0.18,0.82,0.52,0.14,0.68,0.58,0.04,0.14,0.3,0.05,0.25,0.38,0.85,0.06,0.11,0.51,0.6,0.67,0.95,0.44,0.84
1.0,1.0,1.0,1.0,1.0,1.0,1.0,1.0,1.0,1.0,1.0,1.0,1.0,1.0,1.0,0.59,0.29,0.66,0.61,0.82,0.39,0.74,0.14,0.92,0.09,0.08,0.18,0.09,0.37,0.04,0.4,0.43,0.75,0.63,0.86,0.45,0.35,0.22,0.62,0.02
1.0,1.0,1.0,1.0,1.0,1.0,1.0,1.0,1.0,1.0,1.0,1.0,1.0,1.0,1.0,0.58,0.79,0.11,0.15,0.52,0.74,0.37,0.05,0.25,0.44,0.56,0.89,0.34,0.66,0.55,0.55,0.78,0.88,0.93,0.84,0.94,0.79,0.35,0.5,0.58
1.0,1.0,1.0,1.0,1.0,1.0,1.0,1.0,1.0,1.0,1.0,1.0,1.0,1.0,1.0,0.63,0.79,0.94,0.11,0.14,0.14,0.05,0.1,0.73,0.21,0.66,0.47,0.89,0.65,0.64,0.8,0.69,0.76,0.8,0.24,0.13,0.19,0.15,0.48,0.19
1.0,1.0,1.0,1.0,1.0,1.0,1.0,1.0,1.0,1.0,1.0,1.0,1.0,1.0,1.0,0.48,0.46,0.24,0.77,0.68,0.92,0.25,0.73,0.28,0.47,0.12,0.49,0.19,0.53,0.76,0.42,0.6,0.18,0.47,0.53,0.31,0.34,0.56,0.8,0.82
1.0,1.0,1.0,1.0,1.0,1.0,1.0,1.0,1.0,1.0,1.0,1.0,1.0,1.0,1.0,0.32,0.14,0.24,0.21,0.58,0.09,0.44,0.21,0.47,0.24,0.38,0.53,0.51,0.52,0.79,0.15,0.34,0.81,0.83,0.65,0.05,0.75,0.01,0.34,0.51
1.0,1.0,1.0,1.0,1.0,1.0,1.0,1.0,1.0,1.0,1.0,1.0,1.0,1.0,1.0,0.42,0.88,0.99,0.97,0.04,0.08,0.56,0.66,0.12,0.38,0.59,0.65,0.35,0.2,0.22,0.26,0.04,0.55,0.64,0.01,0.14,0.09,0.29,0.39,0.78
1.0,1.0,1.0,1.0,1.0,1.0,1.0,1.0,1.0,1.0,1.0,1.0,1.0,1.0,1.0,0.25,0.78,0.23,0.45,0.14,0.18,0.89,0.47,0.49,0.53,0.65,0.49,0.58,0.75,0.26,0.44,0.28,0.04,0.99,0.25,0.39,0.36,0.08,0.7,0.12
1.0,1.0,1.0,1.0,1.0,1.0,1.0,1.0,1.0,1.0,1.0,1.0,1.0,1.0,1.0,0.18,0.76,0.74,0.18,0.3,0.09,0.34,0.89,0.19,0.51,0.35,0.58,0.62,0.53,0.84,0.15,0.66,0.61,0.06,0.57,0.56,0.74,0.17,0.1,0.95
1.0,1.0,1.0,1.0,1.0,1.0,1.0,1.0,1.0,1.0,1.0,1.0,1.0,1.0,1.0,0.75,0.9,0.69,0.2,0.05,0.37,0.66,0.65,0.53,0.52,0.2,0.75,0.53,0.41,0.62,0.46,0.24,0.03,0.22,0.54,0.4,0.76,0.7,0.05,0.27
1.0,1.0,1.0,1.0,1.0,1.0,1.0,1.0,1.0,1.0,1.0,1.0,1.0,1.0,1.0,0.59,0.59,0.47,0.8,0.25,0.04,0.55,0.64,0.76,0.79,0.22,0.26,0.84,0.62,0.82,0.79,0.17,0.84,0.67,0.88,0.81,0.14,0.98,0.76,0.67
1.0,1.0,1.0,1.0,1.0,1.0,1.0,1.0,1.0,1.0,1.0,1.0,1.0,1.0,1.0,0.38,0.57,0.15,0.85,0.38,0.4,0.55,0.8,0.42,0.15,0.26,0.44,0.15,0.46,0.79,0.9,0.2,0.87,0.28,0.92,0.93,0.01,0.73,0.54,0.89
1.0,1.0,1.0,1.0,1.0,1.0,1.0,1.0,1.0,1.0,1.0,1.0,1.0,1.0,1.0,0.68,0.79,0.02,0.7,0.85,0.43,0.78,0.69,0.6,0.34,0.04,0.28,0.66,0.24,0.17,0.2,0.32,0.1,0.83,0.58,0.9,0.17,0.64,0.65,0.14
1.0,1.0,1.0,1.0,1.0,1.0,1.0,1.0,1.0,1.0,1.0,1.0,1.0,1.0,1.0,0.97,0.02,0.49,0.22,0.06,0.75,0.88,0.76,0.18,0.81,0.55,0.04,0.61,0.03,0.84,0.87,0.1,0.82,0.9,0.45,0.05,0.08,0.7,0.22,0.51
1.0,1.0,1.0,1.0,1.0,1.0,1.0,1.0,1.0,1.0,1.0,1.0,1.0,1.0,1.0,0.98,0.06,0.48,0.42,0.11,0.63,0.93,0.8,0.47,0.83,0.64,0.99,0.06,0.22,0.67,0.28,0.83,0.9,0.28,0.22,0.79,0.94,0.72,0.18,0.84
1.0,1.0,1.0,1.0,1.0,1.0,1.0,1.0,1.0,1.0,1.0,1.0,1.0,1.0,1.0,0.38,0.3,0.82,0.18,0.51,0.86,0.84,0.24,0.53,0.65,0.01,0.25,0.57,0.54,0.88,0.92,0.58,0.45,0.22,0.41,0.04,0.97,0.24,0.22,0.42
1.0,1.0,1.0,1.0,1.0,1.0,1.0,1.0,1.0,1.0,1.0,1.0,1.0,1.0,1.0,0.5,0.66,0.18,0.6,0.6,0.45,0.94,0.13,0.31,0.05,0.14,0.39,0.56,0.4,0.81,0.93,0.9,0.05,0.79,0.04,0.24,0.1,0.48,0.1,0.55
1.0,1.0,1.0,1.0,1.0,1.0,1.0,1.0,1.0,1.0,1.0,1.0,1.0,1.0,1.0,0.71,0.35,0.38,0.81,0.67,0.35,0.79,0.19,0.34,0.75,0.09,0.36,0.74,0.76,0.14,0.01,0.17,0.08,0.94,0.97,0.1,0.01,0.8,0.42,0.53
1.0,1.0,1.0,1.0,1.0,1.0,1.0,1.0,1.0,1.0,1.0,1.0,1.0,1.0,1.0,0.09,0.42,1.0,0.69,0.95,0.22,0.35,0.15,0.56,0.01,0.29,0.08,0.17,0.7,0.98,0.73,0.64,0.7,0.72,0.24,0.48,0.8,0.56,0.51,0.68
1.0,1.0,1.0,1.0,1.0,1.0,1.0,1.0,1.0,1.0,1.0,1.0,1.0,1.0,1.0,0.73,0.02,0.69,0.49,0.44,0.62,0.5,0.48,0.8,0.34,0.39,0.7,0.1,0.05,0.76,0.54,0.65,0.22,0.18,0.22,0.1,0.42,0.51,0.83,0.17
1.0,1.0,1.0,1.0,1.0,1.0,1.0,1.0,1.0,1.0,1.0,1.0,1.0,1.0,1.0,0.48,0.61,0.23,0.98,0.84,0.02,0.58,0.19,0.82,0.51,0.78,0.12,0.95,0.27,0.67,0.89,0.14,0.51,0.84,0.42,0.55,0.53,0.68,0.17,0.8
